# Matlab 笔记 —— 矩阵


## 循环

1. 基本循环

```matlab
for i = 1 : 5
    fprintf('i = %d\n', i);
end
% i = 1
% i = 2
% i = 3
% i = 4
% i = 5
```

2. 设定步长

```matlab
for i = 1 : 2: 10
    fprintf('i = %d\n', i);
end
% i = 1
% i = 3
% i = 5
% i = 7
% i = 9
```

3. 循环矩阵

```matlab
for i = [2015, 2016, 2017, 2018]
    fprintf('i = %d\n', i);
end
% i = 2015
% i = 2016
% i = 2017
% i = 2018
```

```matlab
for i = [1, 2, 3, 4;
        2015, 2016, 2017, 2018]
    fprintf('i = %d\n', i);
end
% i = 1
% i = 2015
% i = 2
% i = 2016
% i = 3
% i = 2017
% i = 4
% i = 2018
```


## 矩阵

- `eye(n)` 生成单位矩阵 (identity matrix)

```
>> eye(3)
ans =
     1     0     0
     0     1     0
     0     0     1
```

- 矩阵转置 (transcope)

```
>> A = [1,2,0;0,5,6;7,0,9]
A =
     1     2     0
     0     5     6
     7     0     9
>> A_trans = A'
A_trans =
     1     0     7
     2     5     0
     0     6     9
```

- `inv(matrix)` 矩阵求逆 (the inverse of a matrix)

```
>> A_inv = inv(A)
A_inv =

   0.348837  -0.139535   0.093023
   0.325581   0.069767  -0.046512
  -0.271318   0.108527   0.038760
```

- 左除 & 右除
    - `/` 右除：`a/b` 表示矩阵a乘以矩阵b的逆
    - `\` 左除：`a\b` 表示矩阵a的逆乘以b
    - `./` 右除：`a./b` 表示矩阵a中的每个元素除以矩阵b的对应的元素
    - `.\` 左除：`a.\b` 表示矩阵b中的每个元素除以矩阵a的对应的元素


## 统计学方法

### mean 均值

```matlab
X = [1, 2, 3;
     4, 5, 6];
mean(X)
% 2.5000    3.5000    4.5000
mean(X, 1)
% 2.5000    3.5000    4.5000
mean(X, 2)
% 2
% 5
mean(mean(X))
% 3.5000
```

### sum 求和

和 `mean` 方法类似：

```matlab
X = [1, 2, 3;
     4, 5, 6];
sum(X)
% 5     7     9
sum(X, 1)
% 5     7     9
sum(X, 2)
% 6
% 15
sum(sum(X))
% 21
```